2133820000
3105950000
3108370000
3108420000
3108690000
3343420000
3343430000
3344330000
3344520000
3344760000
3344760000
3344780000
3344780000
3344780000
3346260000
3346390000
3346490000
3346490000
3346530000
3346600000
3346610000
3346660000
3348610000
3348650000
3349280000
3349370000
3349430000
3349620000
3349680000
3349810000
4084490000
4086550000
4154560000
4158830000
4158830000
4158920000
5104710000
5104850000
5105300000
5106740000
5108290000
7072260000
7072520000
7072550000
7074450000
7074870000
7077250000
7078250000
7079440000
7079610000
7142820000
7145330000
7147860000
8182880000
8183470000
8185680000
8188300000
8189570000
9096250000
